10,83
11,12
11,18
11,21
11,15
11,4
9,5
8,15
8,10
8,14
8,5
12,2
12,1
12,3
36,144
36,143
36,142
36,141
36,140
20,2
36,139
20,1
36,138
20,3
36,137
36,136
36,135
36,134
36,133
36,132
36,131
36,130
36,129
36,128
36,127
36,126
36,125
36,124
36,123
36,122
36,121
36,120
36,119
36,118
19,2
36,117
19,1
36,116
19,3
36,115
36,114
36,113
36,112
36,111
36,110
36,109
36,108
36,107
36,106
36,105
36,104
36,103
36,102
36,101
36,100
36,99
36,98
36,97
36,96
36,95
36,94
36,93
36,92
36,91
36,90
36,89
36,88
36,87
36,86
36,85
36,84
36,83
36,82
36,81
36,80
36,79
36,78
36,77
36,76
36,75
36,74
36,73
36,72
36,71
36,70
36,1
35,87
35,86
35,85
35,84
35,83
35,82
35,81
35,80
35,79
35,78
35,77
35,76
35,75
35,74
35,73
35,1
34,178
34,177
34,176
34,175
34,174
34,173
34,171
34,170
34,168
34,167
34,166
34,165
34,164
34,163
34,162
34,161
34,160
